%YAML:1.0

#--------------------------------------------------------------------------------------------
# Camera Parameters. Adjust them!
#--------------------------------------------------------------------------------------------

# Camera calibration and distortion parameters (OpenCV) 
Camera.fx: 4.4342499182591871e+02
Camera.fy: 4.3851643585803117e+02
Camera.cx: 1.8924660320868119e+02
Camera.cy: 3.0274872733788038e+02

Camera.distmodel: radtan
# Camera.k1: 0.0
# Camera.k2: 0.0
# Camera.p1: 0.0
# Camera.p2: 0.0
# Camera.k3: 0.0
Camera.k1: 1.3646323811812799e-01
Camera.k2: -4.7136913202719899e-01
Camera.p1: 1.4500114352801000e-02
Camera.p2: -2.8940849134719001e-02
Camera.k3: 6.7804710376479904e-01

Camera.width: 480
Camera.height: 640

# Camera frames per second 
Camera.fps: 30.0

# stereo baseline times fx
Camera.bf: 4.2922057567387114e+01

# Color order of the images (0: BGR, 1: RGB. It is ignored if images are grayscale)
Camera.RGB: 1

# Close/Far threshold. Baseline times.
ThDepth: 35

#--------------------------------------------------------------------------------------------
# Stereo Rectification. Only if you need to pre-rectify the images.
# Camera.fx, .fy, etc must be the same as in LEFT.P
#--------------------------------------------------------------------------------------------
LEFT.height: 640
LEFT.width: 480
LEFT.D: !!opencv-matrix
   rows: 1
   cols: 5
   dt: d
   data: [ 1.3646323811812799e-01, -4.7136913202719899e-01,
       1.4500114352801000e-02, -2.8940849134719001e-02,
       6.7804710376479904e-01 ]
LEFT.K: !!opencv-matrix
   rows: 3
   cols: 3
   dt: d
   data: [ 4.4342499182591871e+02, 0., 1.8924660320868119e+02, 0.,
       4.3851643585803117e+02, 3.0274872733788038e+02, 0., 0., 1. ]
LEFT.R:  !!opencv-matrix
   rows: 3
   cols: 3
   dt: d
   data: [ 9.9098043612359454e-01, -3.8253577712393572e-02,
       1.2843067784798246e-01, 3.7054543426018077e-02,
       9.9924459383532838e-01, 1.1713347188538970e-02,
       -1.2878173795915210e-01, -6.8487577758144322e-03,
       9.9164931224962205e-01 ]
LEFT.P:  !!opencv-matrix
   rows: 3
   cols: 4
   dt: d
   data: [ 4.2626999615397193e+02, 0., 1.3251502323150635e+02, 0., 0.,
       4.2626999615397193e+02, 3.1007346725463867e+02, 0., 0., 0., 1.,
       0. ]

RIGHT.height: 640
RIGHT.width: 480
RIGHT.D: !!opencv-matrix
   rows: 1
   cols: 5
   dt: d
   data: [ -2.0035209220659999e-02, -2.2772133997572100e-01,
       -1.3129547716052001e-02, -2.6379812577172999e-02,
       4.7813393449584601e-01 ]
RIGHT.K: !!opencv-matrix
   rows: 3
   cols: 3
   dt: d
   data: [ 4.4178522943207611e+02, 0., 2.0136826175702299e+02, 0.,
       4.3366200522255627e+02, 2.9684689921816101e+02, 0., 0., 1. ]
RIGHT.R:  !!opencv-matrix
   rows: 3
   cols: 3
   dt: d
   data: [ 9.9273661905254962e-01, -5.7311635576759576e-04,
       1.2030659470600868e-01, 1.6942272561444062e-03,
       9.9995609001854124e-01, -9.2167037945181801e-03,
       -1.2029602980197483e-01, 9.3535860756236121e-03,
       9.9269399899536426e-01 ]
RIGHT.P:  !!opencv-matrix
   rows: 3
   cols: 4
   dt: d
   data: [ 4.2626999615397193e+02, 0., 1.3251502323150635e+02,
       -4.1053937232908524e+01, 0., 4.2626999615397193e+02,
       3.1007346725463867e+02, 0., 0., 0., 1., 0. ]

#--------------------------------------------------------------------------------------------
# ORB Parameters
#--------------------------------------------------------------------------------------------

# ORB Extractor: Number of features per image
ORBextractor.nFeatures: 800

# ORB Extractor: Scale factor between levels in the scale pyramid 	
ORBextractor.scaleFactor: 1.2

# ORB Extractor: Number of levels in the scale pyramid	
ORBextractor.nLevels: 8

# ORB Extractor: Fast threshold
# Image is divided in a grid. At each cell FAST are extracted imposing a minimum response.
# Firstly we impose iniThFAST. If no corners are detected we impose a lower value minThFAST
# You can lower these values if your images have low contrast			
ORBextractor.iniThFAST: 15 # 20
ORBextractor.minThFAST: 7

#--------------------------------------------------------------------------------------------
# Viewer Parameters
#--------------------------------------------------------------------------------------------
Viewer.KeyFrameSize: 0.05
Viewer.KeyFrameLineWidth: 1
Viewer.GraphLineWidth: 0.9
Viewer.PointSize:2
Viewer.CameraSize: 0.08
Viewer.CameraLineWidth: 3
Viewer.ViewpointX: 0
Viewer.ViewpointY: -0.7
Viewer.ViewpointZ: -1.8
Viewer.ViewpointF: 500

