%YAML:1.0

#--------------------------------------------------------------------------------------------
# Camera Parameters. Adjust them!
#--------------------------------------------------------------------------------------------

# Camera calibration and distortion parameters (OpenCV) 
# Camera.fx: 293.4251242832143
# Camera.fy: 292.2823698601686
# Camera.cx: 320.1389618713701
# Camera.cy: 227.47257460399686
Camera.fx: 253.06696962
Camera.fy: 253.06696962
Camera.cx: 316.87627983
Camera.cy: 234.8972435

# Camera.distmodel: radtan
# Camera.k1: 0.0
# Camera.k2: 0.0
# Camera.p1: 0.0
# Camera.p2: 0.0
Camera.k1: -0.22419635003297944
Camera.k2: 0.03264223569157577
Camera.p1: 0.004504270837188035
Camera.p2: -0.0003747039788093623

Camera.width: 640
Camera.height: 480

# Camera frames per second 
Camera.fps: 30.0

# stereo baseline times fx
Camera.bf: 19.91488605

# Color order of the images (0: BGR, 1: RGB. It is ignored if images are grayscale)
Camera.RGB: 1

# Close/Far threshold. Baseline times.
ThDepth: 35

#--------------------------------------------------------------------------------------------
# Stereo Rectification. Only if you need to pre-rectify the images.
# Camera.fx, .fy, etc must be the same as in LEFT.P
#--------------------------------------------------------------------------------------------
LEFT.height: 480
LEFT.width: 640
LEFT.D: !!opencv-matrix
   rows: 1
   cols: 4
   dt: d
   data: [-0.22419635003297944, 0.03264223569157577, 0.004504270837188035, -0.0003747039788093623]
LEFT.K: !!opencv-matrix
   rows: 3
   cols: 3
   dt: d
   data: [293.4251242832143, 0, 320.1389618713701, 0, 292.2823698601686, 227.47257460399686, 0.0, 0.0, 1.0]
LEFT.R:  !!opencv-matrix
   rows: 3
   cols: 3
   dt: d
   data: [0.99947435,  0.00778825,  0.03147016, -0.00771901,  0.99996751, -0.00232123, -0.03148721,  0.00207709,  0.999502]
LEFT.P:  !!opencv-matrix
   rows: 3
   cols: 4
   dt: d
   data: [253.06696962,    0.,          316.87627983,    0., 0.,          253.06696962,  234.8972435,     0., 0, 0, 1, 0]

RIGHT.height: 480
RIGHT.width: 640
RIGHT.D: !!opencv-matrix
   rows: 1
   cols: 4
   dt: d
   data: [-0.22062985473379657, 0.030849475506440915, 0.004384150330960715, 0.0023890222816130603]
RIGHT.K: !!opencv-matrix
   rows: 3
   cols: 3
   dt: d
   data: [290.8981174305686, 0, 301.42227662573396, 0, 290.61384129053255, 222.30482071926536, 0.0, 0.0, 1]
RIGHT.R:  !!opencv-matrix
   rows: 3
   cols: 3
   dt: d
   data: [0.99954222, -0.00610376, -0.02963266, 0.00616893,  0.99997875,  0.00210828, 0.02961916, -0.00229012,  0.99955863]
RIGHT.P:  !!opencv-matrix
   rows: 3
   cols: 4
   dt: d
   data: [253.06696962,    0.,          316.87627983,  -19.91488605, 0.,          253.06696962,  234.8972435,     0., 0, 0, 1, 0]

#--------------------------------------------------------------------------------------------
# ORB Parameters
#--------------------------------------------------------------------------------------------

# ORB Extractor: Number of features per image
ORBextractor.nFeatures: 800

# ORB Extractor: Scale factor between levels in the scale pyramid 	
ORBextractor.scaleFactor: 1.2 # 2 # 

# ORB Extractor: Number of levels in the scale pyramid	
ORBextractor.nLevels: 8 # 3 # 

# ORB Extractor: Fast threshold
# Image is divided in a grid. At each cell FAST are extracted imposing a minimum response.
# Firstly we impose iniThFAST. If no corners are detected we impose a lower value minThFAST
# You can lower these values if your images have low contrast			
ORBextractor.iniThFAST: 15 # 20
ORBextractor.minThFAST: 7

#--------------------------------------------------------------------------------------------
# Viewer Parameters
#--------------------------------------------------------------------------------------------
Viewer.KeyFrameSize: 0.05
Viewer.KeyFrameLineWidth: 1
Viewer.GraphLineWidth: 0.9
Viewer.PointSize: 2
Viewer.CameraSize: 0.08
Viewer.CameraLineWidth: 3
Viewer.ViewpointX: 0
Viewer.ViewpointY: -0.7
Viewer.ViewpointZ: -1.8
Viewer.ViewpointF: 500

